3.0 0.0 0.4500000000000002 0.5 0.5 -0.5 -0.5
3.0 3.3306690738754696e-16 0.4500000000000003 0.3535533905932738 0.3535533905932738 -0.6123724356957945 -0.6123724356957945
3.0 -1.6653345369377348e-16 0.45000000000000023 0.6123724356957945 0.6123724356957945 -0.3535533905932738 -0.3535533905932738
3.0 -1.1102230246251565e-16 0.45000000000000057 0.6123724356957945 0.3535533905932738 -0.3535533905932738 -0.6123724356957945
3.0 -2.220446049250313e-16 0.44999999999999984 0.3535533905932738 0.6123724356957945 -0.6123724356957945 -0.3535533905932738
2.963065021785413 0.4693033951206925 0.45000000000000007 0.5376882147304864 0.5376882147304864 -0.45922911900264146 -0.45922911900264146
2.963065021785413 0.46930339512069275 0.44999999999999984 0.4005096910359036 0.4005096910359036 -0.5827452165280509 -0.5827452165280509
2.963065021785413 0.46930339512069297 0.45000000000000007 0.6382241751629747 0.6382241751629747 -0.3044173159292037 -0.3044173159292037
2.9630650217854133 0.46930339512069263 0.44999999999999996 0.6585308833988628 0.3802029828000155 -0.3247240241650918 -0.5624385082921628
2.963065021785413 0.46930339512069297 0.44999999999999996 0.3802029828000155 0.6585308833988628 -0.5624385082921628 -0.3247240241650918
2.853169548885461 0.9270509831248422 0.45000000000000007 0.5720614028176844 0.5720614028176844 -0.41562693777745346 -0.41562693777745346
2.8531695488854605 0.9270509831248422 0.45000000000000007 0.44499671605031 0.44499671605031 -0.5495251793179634 -0.5495251793179634
2.853169548885461 0.927050983124842 0.45000000000000007 0.6601410503592006 0.6601410503592006 -0.2534044072834004 -0.2534044072834004
2.853169548885461 0.9270509831248424 0.44999999999999984 0.7006292692220368 0.4045084971874737 -0.29389262614623657 -0.5090369604551273
2.853169548885461 0.9270509831248422 0.45000000000000007 0.4045084971874737 0.7006292692220368 -0.5090369604551273 -0.29389262614623657
2.673019572565103 1.36197149921864 0.44999999999999984 0.6029076421267909 0.6029076421267909 -0.3694622782708856 -0.3694622782708856
2.6730195725651034 1.36197149921864 0.44999999999999996 0.486740188333842 0.486740188333842 -0.5129171366417152 -0.5129171366417152
2.6730195725651034 1.3619714992186398 0.44999999999999984 0.6779879364607868 0.6779879364607868 -0.20082917620117857 -0.20082917620117857
2.6730195725651034 1.36197149921864 0.44999999999999996 0.7384080426175827 0.4263200821770461 -0.2612492823579745 -0.4524970304849193
2.6730195725651034 1.3619714992186398 0.44999999999999984 0.4263200821770461 0.7384080426175827 -0.4524970304849193 -0.2612492823579745
2.4270509831248424 1.7633557568774192 0.44999999999999973 0.6300367553350504 0.6300367553350504 -0.3210197609601031 -0.3210197609601031
2.4270509831248432 1.76335575687742 0.45000000000000007 0.5254827454987588 0.5254827454987588 -0.4731467892558151 -0.4731467892558151
2.4270509831248424 1.7633557568774194 0.44999999999999996 0.6916548014802255 0.6916548014802255 -0.1470157664651985 -0.1470157664651985
2.4270509831248432 1.76335575687742 0.44999999999999984 0.7716342848848006 0.445503262094184 -0.22699524986977349 -0.3931673058512402
2.4270509831248432 1.76335575687742 0.4500000000000002 0.445503262094184 0.7716342848848006 -0.3931673058512402 -0.22699524986977349
2.1213203435596433 2.121320343559643 0.4500000000000002 0.6532814824381883 0.6532814824381883 -0.2705980500730985 -0.2705980500730985
2.1213203435596437 2.121320343559643 0.4500000000000002 0.560985526796931 0.560985526796931 -0.43045933457687946 -0.43045933457687946
2.1213203435596433 2.121320343559643 0.4500000000000005 0.7010573846499779 0.7010573846499779 -0.09229595564125728 -0.09229595564125728
2.1213203435596433 2.121320343559643 0.4500000000000002 0.8001031451912656 0.46193976625564337 -0.19134171618254492 -0.3314135740355918
2.1213203435596433 2.1213203435596424 0.4500000000000006 0.46193976625564337 0.8001031451912656 -0.3314135740355918 -0.19134171618254492
1.7633557568774196 2.4270509831248424 0.4500000000000002 0.6724985119639573 0.6724985119639573 -0.21850801222441052 -0.21850801222441052
1.7633557568774194 2.4270509831248424 0.4500000000000002 0.5930296457757824 0.5930296457757824 -0.38511795495802315 -0.38511795495802315
1.7633557568774199 2.4270509831248432 0.4500000000000004 0.7061377159181262 0.7061377159181262 -0.03700710955926804 -0.03700710955926804
1.7633557568774196 2.427050983124842 0.45000000000000007 0.8236391035463319 0.4755282581475767 -0.15450849718747373 -0.2676165673298174
1.7633557568774196 2.4270509831248424 0.4500000000000002 0.4755282581475767 0.8236391035463319 -0.2676165673298174 -0.15450849718747373
1.3619714992186405 2.673019572565104 0.44999999999999996 0.6875693645350205 0.6875693645350205 -0.16507079981907172 -0.16507079981907172
1.3619714992186402 2.673019572565104 0.4500000000000004 0.6214175397860578 0.6214175397860578 -0.3374021950821352 -0.3374021950821352
1.3619714992186405 2.673019572565104 0.4500000000000004 0.7068644733530208 0.7068644733530208 0.018509897659266777 0.018509897659266777
1.3619714992186405 2.673019572565104 0.4500000000000004 0.8420970529402403 0.48618496019883833 -0.11672268192795274 -0.20216961549491572
1.3619714992186405 2.673019572565104 0.4500000000000002 0.48618496019883833 0.8420970529402403 -0.20216961549491572 -0.11672268192795274
0.9270509831248426 2.853169548885461 0.4500000000000002 0.6984011233337103 0.6984011233337103 -0.11061587104123718 -0.11061587104123718
0.9270509831248426 2.8531695488854605 0.4500000000000002 0.645974188021251 0.645974188021251 -0.2876062384759508 -0.2876062384759508
0.9270509831248426 2.8531695488854605 0.44999999999999996 0.7032331762534042 0.7032331762534042 0.07391278520356667 0.07391278520356667
0.9270509831248424 2.8531695488854605 0.45000000000000007 0.8553631939770863 0.4938441702975689 -0.07821723252011546 -0.13547622075226862
0.9270509831248424 2.8531695488854605 0.44999999999999973 0.4938441702975689 0.8553631939770863 -0.13547622075226862 -0.07821723252011546
0.46930339512069286 2.9630650217854138 0.4500000000000002 0.7049270069651074 0.7049270069651074 -0.055478958634923664 -0.055478958634923664
0.46930339512069247 2.963065021785413 0.4500000000000002 0.6665481905790779 0.6665481905790779 -0.2360370937707827 -0.2360370937707827
0.4693033951206926 2.963065021785413 0.4500000000000006 0.6952662127734243 0.6952662127734243 0.12885997584859135 0.12885997584859135
0.46930339512069263 2.9630650217854124 0.4500000000000003 0.863355736485938 0.49845866686656404 -0.039229547863922486 -0.06794757005826886
0.46930339512069275 2.963065021785413 0.44999999999999996 0.49845866686656404 0.863355736485938 -0.06794757005826886 -0.039229547863922486
1.8369701987210292e-16 2.999999999999999 0.44999999999999996 0.7071067811865475 0.7071067811865475 -2.164890140588733e-17 -2.164890140588733e-17
1.6653345369377348e-16 2.9999999999999996 0.44999999999999996 0.6830127018922193 0.6830127018922193 -0.18301270189221933 -0.18301270189221933
1.1102230246251565e-16 2.9999999999999996 0.44999999999999996 0.6830127018922193 0.6830127018922193 0.18301270189221927 0.18301270189221927
1.8369701987210297e-16 3.0 0.44999999999999996 0.8660254037844386 0.5 -1.5308084989341915e-17 -2.651438096812267e-17
1.8369701987210297e-16 2.999999999999999 0.44999999999999973 0.5 0.8660254037844386 -2.651438096812267e-17 -1.5308084989341915e-17
-0.4693033951206924 2.9630650217854138 0.4500000000000002 0.7049270069651074 0.7049270069651074 0.05547895863492362 0.05547895863492362
-0.46930339512069247 2.963065021785413 0.4500000000000006 0.6952662127734243 0.6952662127734243 -0.1288599758485914 -0.1288599758485914
-0.46930339512069236 2.963065021785414 0.4500000000000002 0.666548190579078 0.666548190579078 0.2360370937707827 0.2360370937707827
-0.4693033951206923 2.9630650217854124 0.4500000000000003 0.863355736485938 0.49845866686656404 0.03922954786392246 0.0679475700582688
-0.4693033951206923 2.963065021785413 0.44999999999999996 0.49845866686656404 0.863355736485938 0.0679475700582688 0.03922954786392246
-0.9270509831248421 2.8531695488854614 0.44999999999999973 0.6984011233337103 0.6984011233337103 0.1106158710412371 0.11061587104123712
-0.9270509831248419 2.853169548885461 0.4499999999999995 0.7032331762534041 0.7032331762534041 -0.07391278520356674 -0.07391278520356674
-0.9270509831248421 2.8531695488854614 0.44999999999999996 0.6459741880212511 0.6459741880212511 0.2876062384759507 0.2876062384759507
-0.927050983124842 2.853169548885461 0.44999999999999973 0.8553631939770863 0.4938441702975689 0.0782172325201154 0.13547622075226853
-0.9270509831248421 2.8531695488854605 0.44999999999999973 0.4938441702975689 0.8553631939770863 0.13547622075226853 0.07821723252011542
-1.3619714992186398 2.673019572565104 0.44999999999999996 0.6875693645350205 0.6875693645350205 0.16507079981907163 0.16507079981907163
-1.3619714992186396 2.6730195725651043 0.4500000000000004 0.7068644733530208 0.7068644733530208 -0.01850989765926686 -0.01850989765926686
-1.3619714992186398 2.673019572565104 0.4500000000000002 0.6214175397860578 0.6214175397860578 0.33740219508213515 0.33740219508213515
-1.3619714992186396 2.673019572565104 0.4500000000000004 0.8420970529402403 0.48618496019883833 0.11672268192795267 0.20216961549491563
-1.3619714992186398 2.673019572565104 0.4500000000000002 0.48618496019883833 0.8420970529402403 0.20216961549491563 0.11672268192795267
-1.7633557568774192 2.4270509831248424 0.4500000000000004 0.6724985119639573 0.6724985119639573 0.21850801222441046 0.21850801222441052
-1.7633557568774196 2.427050983124843 0.4500000000000004 0.7061377159181262 0.7061377159181262 0.03700710955926798 0.03700710955926804
-1.7633557568774192 2.4270509831248424 0.4500000000000002 0.5930296457757824 0.5930296457757824 0.38511795495802303 0.38511795495802315
-1.7633557568774192 2.427050983124842 0.4500000000000003 0.8236391035463319 0.4755282581475767 0.15450849718747367 0.2676165673298174
-1.763355756877419 2.4270509831248424 0.4500000000000002 0.4755282581475767 0.8236391035463319 0.26761656732981737 0.15450849718747373
-2.1213203435596424 2.121320343559643 0.4500000000000002 0.6532814824381883 0.6532814824381883 0.27059805007309845 0.27059805007309845
-2.1213203435596424 2.121320343559643 0.4500000000000004 0.7010573846499779 0.7010573846499779 0.09229595564125723 0.09229595564125723
-2.1213203435596424 2.121320343559643 0.4500000000000004 0.560985526796931 0.560985526796931 0.43045933457687935 0.43045933457687935
-2.1213203435596424 2.1213203435596433 0.4500000000000002 0.8001031451912656 0.46193976625564337 0.19134171618254486 0.33141357403559174
-2.1213203435596424 2.1213203435596424 0.4500000000000006 0.46193976625564337 0.8001031451912656 0.33141357403559174 0.19134171618254486
-2.427050983124842 1.76335575687742 0.44999999999999973 0.6300367553350505 0.6300367553350505 0.3210197609601031 0.3210197609601031
-2.427050983124842 1.76335575687742 0.44999999999999996 0.6916548014802256 0.6916548014802256 0.14701576646519848 0.14701576646519848
-2.427050983124842 1.7633557568774196 0.44999999999999984 0.5254827454987588 0.5254827454987588 0.47314678925581505 0.47314678925581505
-2.427050983124842 1.76335575687742 0.44999999999999996 0.7716342848848006 0.44550326209418395 0.22699524986977343 0.3931673058512401
-2.427050983124842 1.76335575687742 0.45000000000000007 0.44550326209418395 0.7716342848848006 0.3931673058512401 0.22699524986977343
-2.6730195725651034 1.3619714992186407 0.45000000000000007 0.602907642126791 0.602907642126791 0.36946227827088557 0.36946227827088557
-2.6730195725651034 1.3619714992186411 0.45000000000000007 0.6779879364607869 0.6779879364607869 0.2008291762011785 0.2008291762011785
-2.673019572565104 1.3619714992186407 0.4500000000000002 0.48674018833384214 0.48674018833384214 0.5129171366417152 0.5129171366417152
-2.6730195725651034 1.3619714992186407 0.4500000000000004 0.7384080426175829 0.4263200821770462 0.26124928235797445 0.45249703048491924
-2.673019572565104 1.3619714992186411 0.44999999999999984 0.4263200821770462 0.7384080426175829 0.45249703048491924 0.26124928235797445
-2.8531695488854614 0.927050983124843 0.4500000000000002 0.5720614028176844 0.5720614028176844 0.41562693777745346 0.41562693777745346
-2.853169548885461 0.9270509831248426 0.44999999999999996 0.6601410503592006 0.6601410503592006 0.2534044072834004 0.2534044072834004
-2.8531695488854614 0.9270509831248428 0.4500000000000003 0.44499671605031 0.44499671605031 0.5495251793179634 0.5495251793179634
-2.8531695488854614 0.9270509831248428 0.44999999999999984 0.7006292692220368 0.4045084971874737 0.29389262614623657 0.5090369604551273
-2.8531695488854614 0.9270509831248429 0.4500000000000002 0.4045084971874737 0.7006292692220368 0.5090369604551273 0.29389262614623657
-2.9630650217854124 0.46930339512069297 0.45000000000000007 0.5376882147304864 0.5376882147304864 0.45922911900264146 0.45922911900264146
-2.963065021785413 0.4693033951206932 0.45000000000000007 0.6382241751629747 0.6382241751629747 0.3044173159292037 0.3044173159292037
-2.963065021785413 0.4693033951206932 0.45000000000000007 0.4005096910359036 0.4005096910359036 0.5827452165280509 0.5827452165280509
-2.9630650217854124 0.4693033951206933 0.44999999999999996 0.6585308833988628 0.3802029828000155 0.3247240241650918 0.5624385082921628
-2.963065021785413 0.4693033951206932 0.44999999999999996 0.3802029828000155 0.6585308833988628 0.5624385082921628 0.3247240241650918
-3.000000000000001 3.3306690738754696e-16 0.4500000000000002 0.5000000000000001 0.5000000000000001 0.5 0.5
-3.0 3.885780586188048e-16 0.45000000000000023 0.6123724356957946 0.6123724356957946 0.3535533905932737 0.3535533905932737
-3.000000000000001 4.440892098500626e-16 0.4500000000000002 0.3535533905932739 0.3535533905932739 0.6123724356957946 0.6123724356957946
-3.000000000000001 4.440892098500626e-16 0.45000000000000034 0.6123724356957947 0.35355339059327384 0.3535533905932738 0.6123724356957945
-3.000000000000001 2.220446049250313e-16 0.45000000000000007 0.35355339059327384 0.6123724356957947 0.6123724356957945 0.3535533905932738
-2.9630650217854138 -0.4693033951206921 0.45000000000000007 0.4592291190026416 0.4592291190026416 0.5376882147304864 0.5376882147304864
-2.963065021785414 -0.4693033951206923 0.44999999999999984 0.5827452165280511 0.5827452165280511 0.4005096910359036 0.4005096910359036
-2.9630650217854138 -0.4693033951206923 0.45000000000000007 0.3044173159292038 0.3044173159292038 0.6382241751629747 0.6382241751629747
-2.9630650217854138 -0.4693033951206922 0.4499999999999999 0.562438508292163 0.3247240241650919 0.3802029828000155 0.6585308833988628
-2.9630650217854138 -0.4693033951206921 0.44999999999999996 0.3247240241650919 0.562438508292163 0.6585308833988628 0.3802029828000155
-2.853169548885461 -0.9270509831248417 0.44999999999999996 0.41562693777745346 0.41562693777745346 0.5720614028176843 0.5720614028176843
-2.853169548885461 -0.9270509831248417 0.45 0.5495251793179634 0.5495251793179634 0.4449967160503099 0.4449967160503099
-2.853169548885461 -0.9270509831248417 0.44999999999999996 0.2534044072834004 0.2534044072834004 0.6601410503592005 0.6601410503592005
-2.853169548885461 -0.9270509831248414 0.4499999999999999 0.5090369604551273 0.29389262614623657 0.40450849718747367 0.7006292692220366
-2.853169548885461 -0.9270509831248417 0.45000000000000007 0.29389262614623657 0.5090369604551273 0.7006292692220366 0.40450849718747367
-2.6730195725651034 -1.36197149921864 0.4499999999999999 0.3694622782708856 0.3694622782708856 0.6029076421267909 0.6029076421267909
-2.6730195725651034 -1.36197149921864 0.44999999999999996 0.5129171366417152 0.5129171366417152 0.486740188333842 0.486740188333842
-2.6730195725651034 -1.3619714992186396 0.44999999999999996 0.20082917620117857 0.20082917620117857 0.6779879364607868 0.6779879364607868
-2.673019572565103 -1.3619714992186398 0.4500000000000003 0.4524970304849193 0.2612492823579745 0.4263200821770461 0.7384080426175827
-2.673019572565104 -1.3619714992186398 0.44999999999999996 0.2612492823579745 0.4524970304849193 0.7384080426175827 0.4263200821770461
-2.427050983124843 -1.7633557568774187 0.45000000000000007 0.3210197609601031 0.3210197609601031 0.6300367553350504 0.6300367553350504
-2.4270509831248437 -1.7633557568774199 0.45000000000000023 0.4731467892558151 0.4731467892558151 0.5254827454987588 0.5254827454987588
-2.427050983124843 -1.7633557568774192 0.45000000000000007 0.1470157664651985 0.1470157664651985 0.6916548014802255 0.6916548014802255
-2.4270509831248424 -1.7633557568774187 0.44999999999999996 0.3931673058512401 0.22699524986977343 0.4455032620941839 0.7716342848848003
-2.427050983124843 -1.7633557568774187 0.44999999999999996 0.22699524986977343 0.3931673058512401 0.7716342848848003 0.4455032620941839
-2.121320343559643 -2.1213203435596424 0.4500000000000003 0.2705980500730985 0.2705980500730985 0.6532814824381883 0.6532814824381883
-2.1213203435596433 -2.121320343559643 0.4500000000000002 0.43045933457687946 0.43045933457687946 0.560985526796931 0.560985526796931
-2.1213203435596433 -2.121320343559643 0.4500000000000005 0.09229595564125728 0.09229595564125728 0.7010573846499779 0.7010573846499779
-2.1213203435596433 -2.121320343559643 0.4500000000000002 0.3314135740355918 0.19134171618254492 0.46193976625564337 0.8001031451912656
-2.1213203435596433 -2.121320343559642 0.4500000000000006 0.19134171618254492 0.3314135740355918 0.8001031451912656 0.46193976625564337
-1.7633557568774192 -2.4270509831248415 0.4499999999999997 0.21850801222441055 0.21850801222441055 0.6724985119639573 0.6724985119639573
-1.7633557568774192 -2.4270509831248415 0.4499999999999995 0.38511795495802315 0.38511795495802315 0.5930296457757824 0.5930296457757824
-1.7633557568774192 -2.4270509831248415 0.4499999999999996 0.03700710955926806 0.03700710955926806 0.7061377159181261 0.7061377159181261
-1.7633557568774196 -2.4270509831248415 0.44999999999999957 0.2676165673298175 0.15450849718747373 0.4755282581475767 0.8236391035463319
-1.7633557568774194 -2.427050983124841 0.4499999999999998 0.15450849718747373 0.2676165673298175 0.8236391035463319 0.4755282581475767
-1.3619714992186407 -2.673019572565104 0.45 0.16507079981907172 0.16507079981907172 0.6875693645350205 0.6875693645350205
-1.3619714992186405 -2.6730195725651043 0.4500000000000003 0.3374021950821352 0.3374021950821352 0.6214175397860578 0.6214175397860578
-1.3619714992186407 -2.673019572565104 0.45000000000000034 -0.018509897659266777 -0.018509897659266777 0.7068644733530208 0.7068644733530208
-1.3619714992186407 -2.6730195725651043 0.4500000000000005 0.20216961549491572 0.11672268192795274 0.48618496019883833 0.8420970529402403
-1.3619714992186407 -2.673019572565104 0.45000000000000023 0.11672268192795274 0.20216961549491572 0.8420970529402403 0.48618496019883833
-0.9270509831248428 -2.853169548885461 0.45000000000000023 0.11061587104123723 0.11061587104123723 0.6984011233337103 0.6984011233337103
-0.9270509831248428 -2.85316954888546 0.45000000000000007 0.2876062384759508 0.2876062384759508 0.645974188021251 0.645974188021251
-0.9270509831248429 -2.8531695488854605 0.45000000000000007 -0.07391278520356663 -0.07391278520356663 0.7032331762534042 0.7032331762534042
-0.9270509831248427 -2.8531695488854605 0.4500000000000001 0.13547622075226867 0.07821723252011549 0.4938441702975689 0.8553631939770863
-0.9270509831248428 -2.8531695488854605 0.44999999999999973 0.07821723252011549 0.13547622075226867 0.8553631939770863 0.4938441702975689
-0.46930339512069313 -2.963065021785413 0.4500000000000003 0.05547895863492371 0.05547895863492371 0.7049270069651074 0.7049270069651074
-0.46930339512069286 -2.9630650217854124 0.4500000000000004 0.23603709377078275 0.23603709377078275 0.6665481905790779 0.6665481905790779
-0.4693033951206932 -2.963065021785412 0.45000000000000007 -0.1288599758485913 -0.1288599758485913 0.6952662127734243 0.6952662127734243
-0.46930339512069297 -2.963065021785412 0.4500000000000004 0.06794757005826892 0.03922954786392251 0.49845866686656404 0.863355736485938
-0.46930339512069297 -2.963065021785412 0.45 0.03922954786392251 0.06794757005826892 0.863355736485938 0.49845866686656404
-5.510910596163088e-16 -2.999999999999999 0.44999999999999996 6.494670421766199e-17 6.494670421766199e-17 0.7071067811865475 0.7071067811865475
-4.440892098500626e-16 -2.9999999999999996 0.4499999999999999 0.18301270189221935 0.18301270189221935 0.6830127018922193 0.6830127018922193
-4.440892098500626e-16 -2.9999999999999996 0.4499999999999999 -0.18301270189221924 -0.18301270189221924 0.6830127018922193 0.6830127018922193
-5.510910596163088e-16 -3.0 0.44999999999999996 7.9543142904368e-17 4.592425496802574e-17 0.5 0.8660254037844386
-5.510910596163088e-16 -2.999999999999999 0.44999999999999973 4.592425496802574e-17 7.9543142904368e-17 0.8660254037844386 0.5
0.4693033951206921 -2.9630650217854138 0.45000000000000023 -0.055478958634923574 -0.055478958634923574 0.7049270069651074 0.7049270069651074
0.46930339512069197 -2.963065021785413 0.4500000000000005 0.12885997584859143 0.12885997584859143 0.6952662127734243 0.6952662127734243
0.46930339512069197 -2.963065021785414 0.4500000000000002 -0.23603709377078266 -0.23603709377078266 0.666548190579078 0.666548190579078
0.4693033951206919 -2.9630650217854124 0.45000000000000034 -0.06794757005826875 -0.039229547863922416 0.49845866686656404 0.863355736485938
0.46930339512069197 -2.9630650217854133 0.45 -0.039229547863922416 -0.06794757005826875 0.863355736485938 0.49845866686656404
0.9270509831248418 -2.853169548885461 0.4500000000000002 -0.11061587104123709 -0.11061587104123709 0.6984011233337103 0.6984011233337103
0.9270509831248417 -2.853169548885461 0.45000000000000007 0.07391278520356676 0.07391278520356676 0.7032331762534041 0.7032331762534041
0.9270509831248417 -2.853169548885461 0.44999999999999984 -0.2876062384759507 -0.2876062384759507 0.6459741880212511 0.6459741880212511
0.9270509831248418 -2.8531695488854605 0.45000000000000007 -0.13547622075226853 -0.0782172325201154 0.4938441702975689 0.8553631939770863
0.9270509831248418 -2.853169548885461 0.44999999999999973 -0.0782172325201154 -0.13547622075226853 0.8553631939770863 0.4938441702975689
1.3619714992186396 -2.673019572565103 0.45 -0.1650707998190716 -0.16507079981907158 0.6875693645350205 0.6875693645350205
1.3619714992186398 -2.673019572565104 0.45000000000000034 0.01850989765926689 0.01850989765926689 0.7068644733530208 0.7068644733530208
1.3619714992186394 -2.6730195725651034 0.45 -0.3374021950821351 -0.3374021950821351 0.6214175397860578 0.6214175397860578
1.3619714992186396 -2.6730195725651034 0.45000000000000023 -0.20216961549491558 -0.11672268192795265 0.48618496019883833 0.8420970529402403
1.3619714992186396 -2.6730195725651034 0.45 -0.11672268192795265 -0.20216961549491558 0.8420970529402403 0.48618496019883833
1.7633557568774187 -2.427050983124843 0.4500000000000002 -0.2185080122244105 -0.2185080122244105 0.6724985119639574 0.6724985119639574
1.7633557568774187 -2.427050983124843 0.45000000000000007 -0.037007109559267976 -0.037007109559267976 0.7061377159181262 0.7061377159181262
1.7633557568774187 -2.427050983124843 0.45000000000000046 -0.38511795495802315 -0.38511795495802315 0.5930296457757825 0.5930296457757825
1.763355756877419 -2.427050983124843 0.4500000000000001 -0.2676165673298174 -0.1545084971874737 0.4755282581475768 0.823639103546332
1.7633557568774187 -2.427050983124843 0.4500000000000002 -0.1545084971874737 -0.2676165673298174 0.823639103546332 0.4755282581475768
2.1213203435596424 -2.1213203435596433 0.4500000000000003 -0.27059805007309845 -0.27059805007309845 0.6532814824381883 0.6532814824381883
2.121320343559642 -2.1213203435596433 0.4500000000000003 -0.09229595564125723 -0.09229595564125723 0.7010573846499779 0.7010573846499779
2.1213203435596424 -2.121320343559643 0.45000000000000034 -0.43045933457687935 -0.43045933457687935 0.560985526796931 0.560985526796931
2.1213203435596424 -2.1213203435596433 0.4500000000000002 -0.33141357403559174 -0.19134171618254486 0.46193976625564337 0.8001031451912656
2.121320343559642 -2.121320343559643 0.4500000000000006 -0.19134171618254486 -0.33141357403559174 0.8001031451912656 0.46193976625564337
2.427050983124842 -1.7633557568774203 0.4500000000000002 -0.32101976096010304 -0.32101976096010304 0.6300367553350505 0.6300367553350505
2.427050983124842 -1.7633557568774199 0.4500000000000003 -0.14701576646519843 -0.14701576646519843 0.6916548014802255 0.6916548014802255
2.427050983124842 -1.7633557568774203 0.4500000000000001 -0.473146789255815 -0.473146789255815 0.525482745498759 0.525482745498759
2.4270509831248424 -1.7633557568774205 0.4500000000000001 -0.39316730585124005 -0.22699524986977337 0.44550326209418395 0.7716342848848006
2.427050983124842 -1.7633557568774205 0.4500000000000005 -0.22699524986977337 -0.39316730585124005 0.7716342848848006 0.44550326209418395
2.6730195725651034 -1.361971499218641 0.4499999999999999 -0.36946227827088557 -0.36946227827088557 0.602907642126791 0.602907642126791
2.673019572565104 -1.3619714992186407 0.4500000000000002 -0.2008291762011785 -0.2008291762011785 0.6779879364607869 0.6779879364607869
2.6730195725651043 -1.361971499218641 0.44999999999999996 -0.5129171366417152 -0.5129171366417152 0.48674018833384214 0.48674018833384214
2.6730195725651034 -1.3619714992186407 0.4500000000000001 -0.45249703048491924 -0.26124928235797445 0.4263200821770462 0.7384080426175829
2.673019572565104 -1.3619714992186407 0.4499999999999999 -0.26124928235797445 -0.45249703048491924 0.7384080426175829 0.4263200821770462
2.853169548885461 -0.9270509831248432 0.4500000000000001 -0.4156269377774534 -0.4156269377774534 0.5720614028176844 0.5720614028176844
2.853169548885461 -0.927050983124843 0.4499999999999999 -0.2534044072834003 -0.2534044072834003 0.6601410503592006 0.6601410503592006
2.8531695488854614 -0.9270509831248428 0.45000000000000023 -0.5495251793179634 -0.5495251793179634 0.44499671605031 0.44499671605031
2.853169548885461 -0.927050983124843 0.45 -0.5090369604551271 -0.29389262614623657 0.4045084971874737 0.7006292692220368
2.853169548885461 -0.9270509831248429 0.4500000000000001 -0.29389262614623657 -0.5090369604551271 0.7006292692220368 0.4045084971874737
2.963065021785413 -0.4693033951206935 0.45000000000000007 -0.45922911900264146 -0.4592291190026414 0.5376882147304866 0.5376882147304866
2.9630650217854133 -0.4693033951206938 0.45000000000000023 -0.3044173159292036 -0.3044173159292036 0.6382241751629748 0.6382241751629748
2.963065021785413 -0.46930339512069347 0.44999999999999996 -0.582745216528051 -0.5827452165280509 0.4005096910359037 0.4005096910359037
2.963065021785413 -0.46930339512069374 0.4500000000000003 -0.5624385082921628 -0.3247240241650917 0.38020298280001563 0.6585308833988629
2.963065021785413 -0.4693033951206935 0.4500000000000002 -0.32472402416509183 -0.5624385082921628 0.6585308833988629 0.38020298280001563
